45 687.8799947 -21.21093908 -0.03711599775
45 326.4500342 -42.46441215 -0.008493456885
45 0 0 0
45 -372.710273 142.9888237 -0.01249774532
45 -565.9606921 133.3256514 -0.02650249218
45 67.81006257 -258.9053843 -0.005644894986
45 -31.43002373 -231.7518648 -0.00431162756
45 280.6803222 -421.0928731 -0.02015288592
45 41.95002411 -159.2080997 -0.002136188163
45 -164.8702924 -617.7636544 -0.03221659993
45 -603.2507842 -337.3957817 -0.03749223211
45 174.8502763 -669.0352808 -0.03768361764
45 -639.5017185 -1177.017983 -0.141265895
45 -473.6907137 -661.8805823 -0.05212080432
45 2814.557223 1015.100729 -0.7020194117
45 4576.064776 2057.609096 -1.974758837
45 7780.6009 3082.987374 -5.493345063
45 10199.91669 3544.606302 -9.143446188
45 12073.29398 4807.418321 -13.24478916
45 633.9625828 -2960.039079 -0.7222469562
45 -367.2214462 -4519.026902 -1.620534853
45 333.1014106 -6767.242592 -3.619059683
45 947.7938857 -9490.736226 -7.17153319
45 -369.0912438 -14148.66866 -15.79260813
45 -1591.949157 624.6525657 -0.2293610427
45 -3099.435428 1499.080125 -0.9299745463
45 -5199.998385 3063.928808 -2.859067191
45 -7039.032166 5355.90438 -6.144281836
45 -8103.246394 8272.134244 -10.54024109
45 -11245.76545 9440.277543 -16.93634346

