224.2552 39.5295 620.2676  
118.8940 132.7384 286.6627  
41.9309 274.1318 -0.4904  
-11.2620 521.5699 -309.2437  
-64.5556 572.3714 -488.2092  
-15.5096 12.6719 1.5542  
-35.2142 68.9945 -82.2705  
-6.7034 -203.8696 158.5621  
6.7195 113.2639 0.9784 
-187.3652 -247.0147 -291.6708  
-222.4101 149.4670 -626.9153  
-111.2417 -400.2373 6.2707  
-488.3293 -616.1833 -849.5629  
-287.6491 -190.8242 -581.6817  
1149.6605 327.1222 2778.3653  
1978.3906 733.7659 4605.0920  
3173.9260 679.1750 7749.2120  
3971.2746 351.5858 10055.9981  
4862.2529 934.5029 12047.8136 
-690.4555 -2661.8391 -90.6328 
-1455.9673 -3788.4425 -1346.7210  
-1966.7886 -6083.4491 -1208.9860 
-2651.5321 -8790.3019 -1252.8133  
-4474.9017 -12683.7900 -3479.1089 
-201.9935 1349.2223 -1307.9466 
-346.2054 2629.3845 -2482.0675  
-434.1220 4732.7998 -4042.0739 
-225.5122 7427.6866 -5199.6850  
417.2861 10450.3995 -5521.7086 
-66.4071 12514.3907 -8120.9386 
